1753837609244 3335.515485787899 1
1753837609461 3248.211548371011 2
1753837609681 3129.230316032247 3
1753837609888 3020.1853276678858 4
1753837610119 2930.474251994681 5
1753837610372 2852.4756254155586 6
1753837610674 2779.4986276180184 7
1753837610984 2712.4126360954124 8
1753837611221 2647.716845703125 9
1753837611414 2587.0817891871675 10
1753837611608 2524.4821600731384 11
1753837611830 2465.385311045545 12
1753837612077 2407.3014658826464 13
1753837612323 2353.585851271609 14
1753837612517 2301.7589407413566 15
1753837612711 2251.2259926653924 16
1753837612929 2195.524205244348 17
1753837613140 2147.6025894489694 18
1753837613333 2095.668202501662 19
1753837613528 2049.280182014628 20
1753837613724 1999.3966199509641 21
1753837613925 1954.342496052194 22
1753837614126 1911.1543919340093 23
1753837614320 1867.1233268575465 24
1753837614510 1825.9543480406417 25
1753837614702 1778.7587236120346 26
1753837614893 1736.2201049804687 27
1753837615094 1697.4493748441655 28
1753837615287 1659.5819543716755 29
1753837615478 1615.5165350731384 30
1753837615670 1582.6057136697973 31
1753837615861 1545.9496596316073 32
1753837616051 1504.8663994971741 33
1753837616242 1472.399305238115 34
1753837616433 1432.2867580981965 35
1753837616626 1402.5518915054645 36
1753837616816 1372.8840522279131 37
1753837617020 1339.3876831703997 38
1753837617212 1307.6844485668425 39
1753837617403 1274.1589123340364 40
1753837617597 1244.500424713784 41
1753837617791 1215.2553354466215 42
1753837617982 1183.065787002888 43
1753837618174 1152.7494974014608 44
1753837618367 1132.9904216847522 45
1753837618557 1099.5643274997144 46
1753837618750 1070.5529593447422 47
1753837618943 1046.9743359342535 48
1753837619146 1021.2937581975409 49
1753837619340 995.0244378597179 50
1753837619532 971.3462631874896 51
1753837619724 945.2952335114175 52
1753837619921 922.3769432230199 53
1753837620122 895.0303666135098 54
1753837620320 880.6042553840799 55
1753837620512 857.7767724869099 56
1753837620706 836.1613159504343 57
1753837620901 820.7043805386157 58
1753837621099 792.4828535039375 59
1753837621311 781.4711273355687 60
1753837621540 761.000119456839 61
1753837621754 735.9193839539873 62
1753837621974 717.4144092640978 63
1753837622188 702.4050130965862 64
1753837622397 684.9623313092171 65
1753837622595 672.1455994301654 66
1753837622789 651.0001843391581 67
1753837622981 638.9360426720152 68
1753837623185 620.3737878028383 69
1753837623378 607.5257582968854 70
1753837623570 598.5968230227206 71
1753837623764 582.3734144007906 72
1753837623957 562.8854608251694 73
1753837624149 554.9799178509002 74
1753837624342 540.2059022619369 75
1753837624535 527.7247934382012 76
1753837624729 516.5423372715078 77
1753837624921 499.43889293264834 78
1753837625119 490.51021644105305 79
1753837625328 474.57614179570623 80
1753837625521 469.49791577927607 81
1753837625718 460.1257994631504 82
1753837625911 447.9247264131587 83
1753837626106 441.9376055129031 84
1753837626301 430.23903828073054 85
1753837626496 420.36144779286485 86
1753837626694 411.9680186657195 87
1753837626888 402.7126952800345 88
1753837627081 394.34950064801154 89
1753837627279 382.200567172436 90
1753837627473 366.10910001714177 91
1753837627668 363.00504114678563 92
1753837627862 338.61432193187954 93
1753837628056 335.8918703931443 94
1753837628249 320.63981888142035 95
1753837628443 312.05827013380986 96
1753837628639 306.85741073933053 97
1753837628836 292.83084983014044 98
1753837629029 286.292685293644 99
1753837629230 277.9186965293073 100
1753837629423 273.5154605946642 101
1753837629617 263.01871675531913 102
1753837629811 253.64759596155045 103
1753837630009 248.24469042838888 104
1753837630206 247.65030095526512 105
1753837630400 235.67109202932804 106
1753837630594 230.21340163210604 107
1753837630788 224.9058300911112 108
1753837630984 217.30675711124502 109
1753837631179 207.24246553461603 110
1753837631377 201.8855412909325 111
1753837631570 202.47021026611327 112
1753837631765 200.93515975627494 113
1753837631963 182.2707065014129 114
1753837632157 178.9029166850638 115
1753837632351 178.22452022471327 116
1753837632546 166.9306529105978 117
1753837632741 162.94392943686628 118
1753837632936 155.32957453626267 119
1753837633130 155.89701719892787 120
1753837633337 160.23415358523104 121
1753837633537 150.19054101172915 122
1753837633735 140.64816167303857 123
1753837633937 136.54566117956284 124
1753837634143 136.72756678804438 125
1753837634338 138.94430970536902 126
1753837634532 128.46376109021776 127
1753837634726 124.94712172163294 128
1753837634921 118.3378440694606 129
1753837635115 118.15102328036694 130
1753837635320 114.61850904099485 131
1753837635517 109.49322172124334 132
1753837635714 106.43691597796501 133
1753837635910 110.24667235029504 134
1753837636105 106.70695721240754 135
1753837636302 105.22103433811918 136
1753837636498 98.02078794114134 137
1753837636694 98.67027857354347 138
1753837636890 96.91160520188352 139
1753837637085 93.54371673908639 140
1753837637279 85.88096059433957 141
1753837637483 86.2128968827268 142
1753837637677 87.51151454195063 143
1753837637884 87.85192900312708 144
1753837638106 83.33591942482806 145
1753837638298 85.3774642944336 146
1753837638490 79.85130239446113 147
1753837638682 79.77246315327096 148
1753837638879 79.23340386735632 149
1753837639072 77.05369905512384 150
